l, n, t, nt, u
1, 400, 1000000, 20000, 0.0000005

n=400
t=.000001
nt=20000
u=0.0000005
